          16,0,0
         /      \
    9,0,7       7,9,0
   /      \    /      \
9,7,0     0,9,7      7,2,7 
  |                      \
2,7,7                  14,2,0
  |                        \
2,9,5                     14,0,2
  |                          \
11,0,5                      5,9,2
  |                            \
11,5,0                        5,4,7  
  |                             |
4,5,7                         12,4,0   
  |                             |
4,9,3                         12,0,4
  |                             |                              
13,0,3                        3,9,4 
  |                             |
13,3,0                        3,6,7
  |                             |
6,3,7                         10,6,0
  |                             |
6,9,1                         10,0,6
  |                             |
15,0,1                        1,9,6
  |                             
15,1,0                        
  |
8,1,7


